17.0 
38.0 
68.0 
107.0 
155.0 
212.0 
222.0 
218.0 
200.0 
168.0 
122.0 
62.0 
-12.0 
-100.0 
-202.0 
-205.0 
-203.0 
-196.0 
-184.0 
-167.0 
-145.0 
-118.0 
-86.0 
-49.0 
-7.0 
40.0 
92.0 
149.0 
211.0 
191.0 
163.0 
127.0 
83.0 
31.0 
-29.0 
-97.0 
-173.0 
-176.0 
-170.0 
-155.0 
-131.0 
-98.0 
-56.0 
-5.0 
55.0 
124.0 
202.0 
197.0 
183.0 
160.0 
128.0 
87.0 
37.0 
-22.0 
-90.0 
-167.0 
-156.0 
-132.0 
-95.0 
-45.0 
18.0 
94.0 
183.0 
151.0 
110.0 
60.0 
1.0 
-67.0 
-144.0 
-115.0 
-80.0 
-39.0 
8.0 
61.0 
120.0 
185.0 
161.0 
129.0 
89.0 
41.0 
-15.0 
-79.0 
-151.0 
-155.0 
-153.0 
-145.0 
-131.0 
-111.0 
-85.0 
-53.0 
-15.0 
29.0 
79.0 
135.0 
197.0 
196.0 
181.0 
152.0 
109.0 
52.0 
-19.0 
-104.0 
-203.0 
-168.0 
-122.0 
-65.0 
3.0 
82.0 
172.0 
182.0 
186.0 
184.0 
176.0 
162.0 
142.0 
116.0 
84.0 
46.0 
2.0 
-48.0 
-104.0 
-166.0 
-164.0 
-148.0 
-118.0 
-74.0 
-16.0 
56.0 
142.0 
159.0 
164.0 
157.0 
138.0 
107.0 
64.0 
9.0 
-58.0 
-137.0 
-139.0 
-133.0 
-119.0 
-97.0 
-67.0 
-29.0 
17.0 
71.0 
133.0 
131.0 
118.0 
94.0 
59.0 
13.0 
-44.0 
-112.0 
-91.0 
-65.0 
-34.0 
2.0 
43.0 
89.0 
140.0 
190.0 
196.0 
184.0 
160.0 
124.0 
76.0 
16.0 
-56.0 
-140.0 
-118.0 
-84.0 
-38.0 
20.0 
90.0 
172.0 
179.0 
177.0 
166.0 
146.0 
117.0 
79.0 
32.0 
-24.0 
-89.0 
-163.0 
-135.0 
-99.0 
-55.0 
-3.0 
57.0 
125.0 
201.0 
213.0 
211.0 
195.0 
165.0 
121.0 
63.0 
-9.0 
-95.0 
-195.0 
-159.0 
-114.0 
-60.0 
3.0 
75.0 
156.0 
146.0 
122.0 
84.0 
32.0 
-34.0 
-114.0 
-208.0 
-183.0 
-145.0 
-94.0 
-30.0 
47.0 
137.0 
112.0 
74.0 
23.0 
-41.0 
-118.0 
-208.0 
-194.0 
-173.0 
-145.0 
-110.0 
-68.0 
-19.0 
37.0 
100.0 
170.0 
178.0 
179.0 
173.0 
160.0 
140.0 
113.0 
79.0 
38.0 
-10.0 
-65.0 
-127.0 
-139.0 
-145.0 
-154.0 
-145.0 
-139.0 
-127.0 
-109.0 
-85.0 
-55.0 
-19.0 
23.0 
71.0 
125.0 
185.0 
148.0 
99.0 
38.0 
-35.0 
-120.0 
-86.0 
-45.0 
3.0 
58.0 
120.0 
189.0 
201.0 
204.0 
198.0 
183.0 
159.0 
126.0 
84.0 
33.0 
-27.0 
-96.0 
-174.0 
-196.0 
-204.0 
-205.0 
-199.0 
-186.0 
-166.0 
-139.0 
-105.0 
-64.0 
-16.0 
39.0 
101.0 
170.0 
180.0 
185.0 
190.0 
185.0 
180.0 
170.0 
155.0 
135.0 
110.0 
80.0 
45.0 
5.0 
-40.0 
-90.0 
-145.0 
-205.0 
-195.0 
-179.0 
-157.0 
-129.0 
-95.0 
-55.0 
-9.0 
43.0 
101.0 
165.0 
235.0 
234.0 
222.0 
199.0 
165.0 
120.0 
64.0 
-3.0 
-81.0 
-170.0 
-143.0 
-107.0 
-62.0 
-8.0 
55.0 
127.0 
208.0 
190.0 
160.0 
118.0 
64.0 
-2.0 
-80.0 
-168.0 
-170.0 
-161.0 
-143.0 
-116.0 
-80.0 
-35.0 
19.0 
82.0 
154.0 
235.0 
227.0 
214.0 
196.0 
173.0 
145.0 
112.0 
74.0 
31.0 
-17.0 
-70.0 
-128.0 
-191.0 
-187.0 
-174.0 
-152.0 
-121.0 
-81.0 
-32.0 
26.0 
93.0 
169.0 
131.0 
80.0 
16.0 
-61.0 
-151.0 
-157.0 
-156.0 
-148.0 
-133.0 
-111.0 
-82.0 
-46.0 
-3.0 
47.0 
104.0 
168.0 
239.0 
214.0 
175.0 
122.0 
55.0 
-26.0 
-121.0 
-116.0 
-98.0 
-67.0 
-23.0 
34.0 
104.0 
187.0 
167.0 
137.0 
97.0 
47.0 
-13.0 
-83.0 
-163.0 
-157.0 
-142.0 
-118.0 
-85.0 
-43.0 
8.0 
68.0 
137.0 
215.0 
205.0 
185.0 
155.0 
115.0 
65.0 
5.0 
-65.0 
-145.0 
-146.0 
-135.0 
-112.0 
-77.0 
-30.0 
29.0 
100.0 
183.0 
185.0 
173.0 
147.0 
107.0 
53.0 
-15.0 
-97.0 
-193.0 
-179.0 
-151.0 
-109.0 
-53.0 
17.0 
101.0 
199.0 
205.0 
198.0 
178.0 
145.0 
99.0 
40.0 
-32.0 
-117.0 
-108.0 
-93.0 
-72.0 
-45.0 
-12.0 
27.0 
72.0 
123.0 
180.0 
145.0 
101.0 
48.0 
-14.0 
-85.0 
-165.0 
-155.0 
-140.0 
-120.0 
-95.0 
-65.0 
-30.0 
10.0 
55.0 
105.0 
160.0 
220.0 
232.0 
236.0 
232.0 
220.0 
200.0 
172.0 
136.0 
92.0 
40.0 
-20.0 
-88.0 
-164.0 
-168.0 
-159.0 
-137.0 
-102.0 
-54.0 
7.0 
81.0 
168.0 
145.0 
108.0 
57.0 
-8.0 
-87.0 
-180.0 
-173.0 
-160.0 
-141.0 
-116.0 
-85.0 
-48.0 
-5.0 
44.0 
99.0 
160.0 
158.0 
144.0 
118.0 
80.0 
30.0 
-32.0 
-106.0 
-192.0 
-164.0 
-124.0 
-72.0 
-8.0 
68.0 
156.0 
142.0 
119.0 
87.0 
46.0 
-4.0 
-63.0 
-131.0 
-110.0 
-81.0 
-44.0 
1.0 
54.0 
115.0 
184.0 
200.0 
205.0 
199.0 
182.0 
154.0 
115.0 
65.0 
4.0 
-68.0 
-151.0 
-118.0 
-79.0 
-34.0 
17.0 
74.0 
137.0 
206.0 
196.0 
176.0 
146.0 
106.0 
56.0 
-4.0 
-74.0 
-154.0 
-137.0 
-113.0 
-82.0 
-44.0 
1.0 
53.0 
112.0 
115.0 
105.0 
82.0 
46.0 
-3.0 
-65.0 
-140.0 
-122.0 
-90.0 
-44.0 
16.0 
90.0 
178.0 
163.0 
141.0 
112.0 
76.0 
33.0 
-17.0 
